# IRAS_07454-7112_100.076392GHz_HC$_3$N_a3.fits, region=circle[[07h45m02.411040s, -71d19m45.72840s], 1pix]
# multiple beams
# Total flux: 0.266086345436 Jy.km/s
# Channel number_of_unmasked_pixels frequency_(MHz) Velocity_(km/s) Flux_density_(Jy)
        0                         5   100076.290174        0.305035      1.441210e-04
        1                         5   100076.778484       -1.157762     -1.032243e-04
        2                         5   100077.266794       -2.620552     -2.261389e-04
        3                         5   100077.755104       -4.083335      9.981189e-05
        4                         5   100078.243414       -5.546111      6.659821e-04
        5                         5   100078.731724       -7.008879      3.684322e-04
        6                         5   100079.220034       -8.471640     -4.929613e-04
        7                         5   100079.708344       -9.934395     -5.162877e-04
        8                         5   100080.196654      -11.397142     -6.156879e-04
        9                         5   100080.684964      -12.859881     -6.592217e-04
       10                         5   100081.173274      -14.322614     -1.327014e-04
       11                         5   100081.661584      -15.785340     -1.520659e-04
       12                         5   100082.149894      -17.248058     -5.035995e-05
       13                         5   100082.638204      -18.710770      6.824395e-04
       14                         5   100083.126514      -20.173474      8.213895e-04
       15                         5   100083.614824      -21.636171      2.597777e-04
       16                         5   100084.103134      -23.098861     -9.351044e-05
       17                         5   100084.591444      -24.561544      9.790562e-04
       18                         5   100085.079754      -26.024219      1.120045e-02
       19                         5   100085.568064      -27.486888      2.375937e-02
       20                         5   100086.056374      -28.949549      2.121763e-02
       21                         5   100086.544684      -30.412204      1.118301e-02
       22                         5   100087.032994      -31.874851      5.896191e-03
       23                         5   100087.521304      -33.337491      4.034077e-03
       24                         5   100088.009614      -34.800124      3.245297e-03
       25                         5   100088.497924      -36.262749      3.073031e-03
       26                         5   100088.986234      -37.725368      3.000515e-03
       27                         5   100089.474544      -39.187979      2.752262e-03
       28                         5   100089.962854      -40.650584      2.719005e-03
       29                         5   100090.451164      -42.113181      3.130901e-03
       30                         5   100090.939474      -43.575771      4.175102e-03
       31                         5   100091.427784      -45.038354      5.701158e-03
       32                         5   100091.916094      -46.500929      8.607388e-03
       33                         5   100092.404404      -47.963498      1.269925e-02
       34                         5   100092.892714      -49.426060      1.793309e-02
       35                         5   100093.381024      -50.888614      1.932462e-02
       36                         5   100093.869334      -52.351161      1.136305e-02
       37                         5   100094.357644      -53.813701      2.859416e-03
       38                         5   100094.845954      -55.276234      3.754604e-04
       39                         5   100095.334264      -56.738760      2.611564e-04
       40                         5   100095.822574      -58.201278      3.421263e-04
       41                         5   100096.310884      -59.663790      3.762264e-04
       42                         5   100096.799194      -61.126294      4.785229e-04
       43                         5   100097.287504      -62.588792      6.287772e-04
       44                         5   100097.775814      -64.051282      2.236312e-04
       45                         5   100098.264124      -65.513765     -6.344655e-05
       46                         5   100098.752434      -66.976240     -1.592137e-04
       47                         5   100099.240744      -68.438709     -1.797150e-04
       48                         5   100099.729054      -69.901171      1.399202e-04
       49                         5   100100.217364      -71.363625      4.182021e-04
       50                         5   100100.705674      -72.826072      1.049031e-04
       51                         5   100101.193984      -74.288512     -1.119899e-04
       52                         5   100101.682294      -75.750945      2.384240e-04
