# IRAS_07454-7112_100.076392GHz_HC$_3$N_a3.fits, region=circle[[07h45m02.411040s, -71d19m45.72840s], 9arcsec]
# multiple beams
# Total flux: 28.9505206187 Jy.km/s
# Channel number_of_unmasked_pixels frequency_(MHz) Velocity_(km/s) Flux_density_(Jy)
        0                      5997   100076.290174        0.305035     -1.553661e-02
        1                      5997   100076.778484       -1.157762      1.671743e-02
        2                      5997   100077.266794       -2.620552      1.764680e-02
        3                      5997   100077.755104       -4.083335      2.119112e-03
        4                      5997   100078.243414       -5.546111      1.186227e-03
        5                      5997   100078.731724       -7.008879     -2.147419e-03
        6                      5997   100079.220034       -8.471640     -2.132987e-02
        7                      5997   100079.708344       -9.934395     -2.018420e-02
        8                      5997   100080.196654      -11.397142     -1.869740e-03
        9                      5997   100080.684964      -12.859881      9.706913e-03
       10                      5997   100081.173274      -14.322614     -7.576065e-04
       11                      5997   100081.661584      -15.785340     -2.693670e-02
       12                      5997   100082.149894      -17.248058     -2.774292e-02
       13                      5997   100082.638204      -18.710770     -1.137807e-02
       14                      5997   100083.126514      -20.173474     -9.298846e-03
       15                      5997   100083.614824      -21.636171     -3.144892e-02
       16                      5997   100084.103134      -23.098861     -2.636778e-02
       17                      5997   100084.591444      -24.561544     -7.856884e-03
       18                      5997   100085.079754      -26.024219      2.000257e-01
       19                      5997   100085.568064      -27.486888      6.482261e-01
       20                      5997   100086.056374      -28.949549      9.848015e-01
       21                      5997   100086.544684      -30.412204      1.167242e+00
       22                      5997   100087.032994      -31.874851      1.268653e+00
       23                      5997   100087.521304      -33.337491      1.353741e+00
       24                      5997   100088.009614      -34.800124      1.379278e+00
       25                      5997   100088.497924      -36.262749      1.357788e+00
       26                      5997   100088.986234      -37.725368      1.361042e+00
       27                      5997   100089.474544      -39.187979      1.374025e+00
       28                      5997   100089.962854      -40.650584      1.371733e+00
       29                      5997   100090.451164      -42.113181      1.358843e+00
       30                      5997   100090.939474      -43.575771      1.297068e+00
       31                      5997   100091.427784      -45.038354      1.185064e+00
       32                      5997   100091.916094      -46.500929      1.092619e+00
       33                      5997   100092.404404      -47.963498      9.754590e-01
       34                      5997   100092.892714      -49.426060      8.054533e-01
       35                      5997   100093.381024      -50.888614      5.417631e-01
       36                      5997   100093.869334      -52.351161      2.387485e-01
       37                      5997   100094.357644      -53.813701      4.550968e-02
       38                      5997   100094.845954      -55.276234     -1.009623e-02
       39                      5997   100095.334264      -56.738760     -1.475162e-02
       40                      5997   100095.822574      -58.201278     -7.123122e-03
       41                      5997   100096.310884      -59.663790     -3.916328e-03
       42                      5997   100096.799194      -61.126294      8.638068e-04
       43                      5997   100097.287504      -62.588792      1.988176e-02
       44                      5997   100097.775814      -64.051282      1.907147e-02
       45                      5997   100098.264124      -65.513765      6.751594e-03
       46                      5997   100098.752434      -66.976240      1.748294e-02
       47                      5997   100099.240744      -68.438709      7.946866e-03
       48                      5997   100099.729054      -69.901171     -1.990150e-02
       49                      5997   100100.217364      -71.363625     -1.740784e-02
       50                      5997   100100.705674      -72.826072     -1.204963e-02
       51                      5997   100101.193984      -74.288512     -2.701734e-02
       52                      5997   100101.682294      -75.750945     -1.753896e-02
