# IRAS_07454-7112_100.076392GHz_HC$_3$N_a3.fits, region=circle[[07h45m02.411040s, -71d19m45.72840s], 25arcsec]
# multiple beams
# Total flux: 28.4127508893 Jy.km/s
# Channel number_of_unmasked_pixels frequency_(MHz) Velocity_(km/s) Flux_density_(Jy)
        0                     16384   100076.290174        0.305035     -2.656113e-02
        1                     16384   100076.778484       -1.157762     -1.425257e-02
        2                     16384   100077.266794       -2.620552      5.849931e-03
        3                     16384   100077.755104       -4.083335      9.581327e-03
        4                     16384   100078.243414       -5.546111      4.650817e-03
        5                     16384   100078.731724       -7.008879     -4.002566e-03
        6                     16384   100079.220034       -8.471640     -2.292086e-02
        7                     16384   100079.708344       -9.934395     -3.988502e-02
        8                     16384   100080.196654      -11.397142     -4.176780e-02
        9                     16384   100080.684964      -12.859881     -3.396292e-02
       10                     16384   100081.173274      -14.322614     -2.939112e-02
       11                     16384   100081.661584      -15.785340     -1.992089e-02
       12                     16384   100082.149894      -17.248058      4.731454e-03
       13                     16384   100082.638204      -18.710770      1.291742e-02
       14                     16384   100083.126514      -20.173474      1.563323e-02
       15                     16384   100083.614824      -21.636171     -1.989117e-03
       16                     16384   100084.103134      -23.098861     -1.197683e-02
       17                     16384   100084.591444      -24.561544     -6.251893e-03
       18                     16384   100085.079754      -26.024219      2.101813e-01
       19                     16384   100085.568064      -27.486888      6.564562e-01
       20                     16384   100086.056374      -28.949549      9.805853e-01
       21                     16384   100086.544684      -30.412204      1.174362e+00
       22                     16384   100087.032994      -31.874851      1.263689e+00
       23                     16384   100087.521304      -33.337491      1.341319e+00
       24                     16384   100088.009614      -34.800124      1.375017e+00
       25                     16384   100088.497924      -36.262749      1.349665e+00
       26                     16384   100088.986234      -37.725368      1.345726e+00
       27                     16384   100089.474544      -39.187979      1.396263e+00
       28                     16384   100089.962854      -40.650584      1.413023e+00
       29                     16384   100090.451164      -42.113181      1.371590e+00
       30                     16384   100090.939474      -43.575771      1.284603e+00
       31                     16384   100091.427784      -45.038354      1.172607e+00
       32                     16384   100091.916094      -46.500929      1.073205e+00
       33                     16384   100092.404404      -47.963498      9.132157e-01
       34                     16384   100092.892714      -49.426060      7.449564e-01
       35                     16384   100093.381024      -50.888614      5.174102e-01
       36                     16384   100093.869334      -52.351161      2.221738e-01
       37                     16384   100094.357644      -53.813701      1.526018e-02
       38                     16384   100094.845954      -55.276234     -1.999614e-02
       39                     16384   100095.334264      -56.738760      5.818377e-03
       40                     16384   100095.822574      -58.201278      4.989870e-03
       41                     16384   100096.310884      -59.663790     -8.716790e-03
       42                     16384   100096.799194      -61.126294     -1.427286e-02
       43                     16384   100097.287504      -62.588792     -1.486944e-02
       44                     16384   100097.775814      -64.051282     -2.553944e-02
       45                     16384   100098.264124      -65.513765     -3.972210e-02
       46                     16384   100098.752434      -66.976240     -3.207218e-02
       47                     16384   100099.240744      -68.438709     -1.735485e-02
       48                     16384   100099.729054      -69.901171     -3.657403e-03
       49                     16384   100100.217364      -71.363625      4.271891e-03
       50                     16384   100100.705674      -72.826072     -8.487403e-04
       51                     16384   100101.193984      -74.288512     -1.100450e-02
       52                     16384   100101.682294      -75.750945     -2.270557e-02
