 0.103 1.75370369e-02
 0.309 1.98397618e-02
 0.515 2.63357107e-02
 0.721 3.56675178e-02
 0.927 4.76479183e-02
 1.133 6.41875505e-02
 1.339 7.86521302e-02
 1.545 8.91295771e-02
 1.751 9.33891024e-02
 1.957 9.03795787e-02
 2.163 8.09091680e-02
 2.369 6.84135556e-02
 2.575 5.32812119e-02
 2.781 3.81679535e-02
 2.987 2.58558013e-02
 3.193 1.69037978e-02
 3.399 1.04517937e-02
 3.605 6.01590913e-03
 3.811 3.20514043e-03
 4.017 1.66355769e-03
 4.223 9.14512142e-04
 4.429 5.09659449e-04
 4.635 5.21042768e-04
 4.841 6.85719081e-04
 5.047 5.65880223e-04
 5.253 5.62463488e-04
 5.459 2.34625556e-04
 5.665 4.45435687e-05
 5.871 -9.12348429e-05
 6.077 1.51018302e-04
 6.283 1.01596751e-04
 6.489 1.64160362e-04
 6.695 -1.18465424e-04
 6.901 -2.98591760e-04
 7.107 -4.46871707e-04
 7.313 -5.47225659e-04
 7.519 -4.83989716e-04
 7.725 -1.79056536e-04
 7.931 8.21501017e-05
 8.137 3.38738964e-04
 8.343 3.98619700e-04
 8.549 3.59100454e-04
 8.755 2.26468751e-04
 8.961 1.35103861e-06
 9.167 -1.22084134e-04
 9.373 -2.03118605e-04
 9.579 -1.88659977e-04
 9.785 -1.22619002e-04
 9.991 -9.42914914e-05
10.197 -9.38114367e-05
10.403 5.17141251e-05
10.609 1.12663081e-04
10.815 2.35716502e-04
11.021 3.85118085e-04
11.227 4.02897964e-04
11.433 3.41212496e-04
11.639 3.20379124e-04
11.845 1.92589230e-04
12.051 8.27391069e-05
12.257 -3.81158746e-05
12.463 -1.52733861e-04
12.669 -2.36865171e-04
12.875 -2.26059738e-05
13.081 1.87587738e-04
13.287 2.78907910e-04
13.493 3.27992439e-04
13.699 3.62291932e-04
13.905 3.20613384e-04
14.111 2.28928738e-04
14.317 5.38063049e-05
14.523 7.19930611e-06
14.729 -3.03008340e-04
14.935 -4.42567079e-04
15.141 -8.79581158e-05
15.347 7.39484220e-05
15.553 3.65447998e-04
15.759 2.51276740e-04
15.965 -2.08363389e-05
16.171 -2.30709712e-04
16.377 -5.20339379e-04
16.583 -2.96411060e-04
16.789 -1.30712986e-04
16.995 3.62786380e-04
17.201 4.25598838e-04
17.407 5.28693199e-04
17.613 5.10573387e-04
17.819 -1.57594681e-04
18.025 -2.35693795e-05
18.231 -6.60896301e-04
18.437 -5.49634298e-04
18.643 1.12915039e-03
